NSiteTypes =     3

SiteType   = LJ126
NSites     =     4

x          =   0
y          =   0
z          =   0
sigma      =   2.93069681319184
epsilon    =   9.82159997
mass       =    12.0

x          =   0
y          =   1.20953190922449
z          =   0
sigma      =   3.37041500923298
epsilon    =   106.9872519625
mass       =    16.0

x          =   0
y          =  -0.803097279216327
z          =   1.28531461746939
sigma      =   3.62249459146099
epsilon    =   111.97954865097
mass       =    15.0

x          =   0
y          =  -0.803097279216327
z          =  -1.28531461746939
sigma      =   3.62249459146099
epsilon    =   111.97954865097
mass       =    15.0

SiteType   =     D
NSites     =     1

x          =   0
y          =   0
z          =   0
theta      =    90.0
phi        =    90.0
dipole     =   3.44483983941682
mass       =     0.0
shielding  =     2.5


SiteType   =     Q
NSites     =     1

x          =   0
y          =  -0.803097279216327
z          =   0
theta      =    90.0
phi        =    90.0
quadrupole =   0.730836738409279
mass       =     0.0
shielding  =     2.5


NRotAxes   =  auto