NSiteTypes = 2

SiteType   = LJ126
NSites     = 4

x          =    0.8540812799E-24           # reduced value:     0.2440232228E-24
y          =   -0.1127946933               # reduced value:    -0.3222705524E-01
z          =   -0.4899448905               # reduced value:    -0.1399842544
sigma      =     2.081354400               # reduced value:     0.5946726857
epsilon    =     13.33665000               # reduced value:     0.1333665000
mass       =     15.00000000               # reduced value:     0.3750000000

x          =   -0.6219538753E-24           # reduced value:    -0.1777011072E-24
y          =    0.2942244992               # reduced value:     0.8406414263E-01
z          =    0.3054623443E-01           # reduced value:     0.8727495553E-02
sigma      =     1.997112400               # reduced value:     0.5706035429
epsilon    =     9.578301000               # reduced value:     0.9578301000E-01
mass       =     14.00000000               # reduced value:     0.3500000000

x          =   -0.1998295188E-23           # reduced value:    -0.5709414824E-24
y          =   -0.1499366121               # reduced value:    -0.4283903203E-01
z          =    0.3899607080               # reduced value:     0.1114173452
sigma      =     1.817295543               # reduced value:     0.5192272980
epsilon    =     9.440932839               # reduced value:     0.9440932839E-01
mass       =     16.00000000               # reduced value:     0.4000000000

x          =    0.2786885834E-22           # reduced value:     0.7962530953E-23
y          =   -0.2823679500E-01           # reduced value:    -0.8067655715E-02
z          =    0.6821547472               # reduced value:     0.1949013563
sigma      =     1.154000000               # reduced value:     0.3297142857
epsilon    =     0.000000000               # reduced value:      0.000000000
mass       =     0.000000000               # reduced value:      0.000000000

SiteType   = Charge
NSites     = 3

x          =   -0.6219538753E-24           # reduced value:    -0.1777011072E-24
y          =    0.2942244992               # reduced value:     0.8406414263E-01
z          =    0.3054623443E-01           # reduced value:     0.8727495553E-02
charge     =     0.000000000               # reduced value:      0.000000000
mass       =     0.000000000               # reduced value:      0.000000000
shielding  =    0.4610318400               # reduced value:     0.1317233829

x          =   -0.1998295188E-23           # reduced value:    -0.5709414824E-24
y          =   -0.1499366121               # reduced value:    -0.4283903203E-01
z          =    0.3899607080               # reduced value:     0.1114173452
charge     =     0.000000000               # reduced value:      0.000000000
mass       =     0.000000000               # reduced value:      0.000000000
shielding  =    0.4195200600               # reduced value:     0.1198628743

x          =    0.2786885834E-22           # reduced value:     0.7962530953E-23
y          =   -0.2823679500E-01           # reduced value:    -0.8067655715E-02
z          =    0.6821547472               # reduced value:     0.1949013563
charge     =     0.000000000               # reduced value:      0.000000000
mass       =     1.000000000               # reduced value:     0.2500000000E-01
shielding  =     0.000000000               # reduced value:      0.000000000

NRotAxes   = 3
TotalMass  =     46.00000000               # reduced value:      1.150000000
InertMomX  =     74.62853173               # reduced value:     0.1523031260
InertMomY  =     58.72717501               # reduced value:     0.1198513776
InertMomZ  =     15.90135672               # reduced value:     0.3245174840E-01
