NSiteTypes = 2

SiteType   = LJ126
NSites     = 4

x          =    0.2136485604E-23           # reduced value:     0.6104244583E-24
y          =   -0.2821560947               # reduced value:    -0.8061602706E-01
z          =    -1.225597879               # reduced value:    -0.3501708226
sigma      =     3.293373600               # reduced value:     0.9409638857
epsilon    =     83.38410000               # reduced value:     0.8338410000
mass       =     15.00000000               # reduced value:     0.3750000000

x          =   -0.1555818553E-23           # reduced value:    -0.4445195866E-24
y          =    0.7360030265               # reduced value:     0.2102865790
z          =    0.7641145130E-01           # reduced value:     0.2183184323E-01
sigma      =     3.160075600               # reduced value:     0.9028787429
epsilon    =     59.88595400               # reduced value:     0.5988595400
mass       =     14.00000000               # reduced value:     0.3500000000

x          =   -0.4998738414E-23           # reduced value:    -0.1428210976E-23
y          =   -0.3750666604               # reduced value:    -0.1071619030
z          =    0.9754872967               # reduced value:     0.2787106562
sigma      =     2.875547367               # reduced value:     0.8215849620
epsilon    =     59.02709361               # reduced value:     0.5902709361
mass       =     16.00000000               # reduced value:     0.4000000000

x          =    0.6971399097E-22           # reduced value:     0.1991828314E-22
y          =   -0.7063438509E-01           # reduced value:    -0.2018125288E-01
z          =     1.706411124               # reduced value:     0.4875460355
sigma      =     1.826000000               # reduced value:     0.5217142857
epsilon    =     0.000000000               # reduced value:      0.000000000
mass       =     0.000000000               # reduced value:      0.000000000

SiteType   = Charge
NSites     = 3

x          =   -0.1555818553E-23           # reduced value:    -0.4445195866E-24
y          =    0.7360030265               # reduced value:     0.2102865790
z          =    0.7641145130E-01           # reduced value:     0.2183184323E-01
charge     =     0.000000000               # reduced value:      0.000000000
mass       =     0.000000000               # reduced value:      0.000000000
shielding  =     1.153271840               # reduced value:     0.3295062400

x          =   -0.4998738414E-23           # reduced value:    -0.1428210976E-23
y          =   -0.3750666604               # reduced value:    -0.1071619030
z          =    0.9754872967               # reduced value:     0.2787106562
charge     =     0.000000000               # reduced value:      0.000000000
mass       =     0.000000000               # reduced value:      0.000000000
shielding  =     1.049430060               # reduced value:     0.2998371600

x          =    0.6971399097E-22           # reduced value:     0.1991828314E-22
y          =   -0.7063438509E-01           # reduced value:    -0.2018125288E-01
z          =     1.706411124               # reduced value:     0.4875460355
charge     =     0.000000000               # reduced value:      0.000000000
mass       =     1.000000000               # reduced value:     0.2500000000E-01
shielding  =     0.000000000               # reduced value:      0.000000000

NRotAxes   = 3
TotalMass  =     46.00000000               # reduced value:      1.150000000
InertMomX  =     74.62853173               # reduced value:     0.1523031260
InertMomY  =     58.72717501               # reduced value:     0.1198513776
InertMomZ  =     15.90135672               # reduced value:     0.3245174840E-01
