NSiteTypes = 2

SiteType   = LJ126
NSites     = 4

x          =    0.1282404324E-23           # reduced value:     0.3664012355E-24
y          =   -0.1693614014               # reduced value:    -0.4838897183E-01
z          =   -0.7356529888               # reduced value:    -0.2101865682
sigma      =     2.550290400               # reduced value:     0.7286544000
epsilon    =     30.03750000               # reduced value:     0.3003750000
mass       =     15.00000000               # reduced value:     0.3750000000

x          =   -0.9338646776E-24           # reduced value:    -0.2668184793E-24
y          =    0.4417785273               # reduced value:     0.1262224364
z          =    0.4586521687E-01           # reduced value:     0.1310434768E-01
sigma      =     2.447068400               # reduced value:     0.6991624000
epsilon    =     21.57275000               # reduced value:     0.2157275000
mass       =     14.00000000               # reduced value:     0.3500000000

x          =   -0.3000443226E-23           # reduced value:    -0.8572694931E-24
y          =   -0.2251300482               # reduced value:    -0.6432287092E-01
z          =    0.5855265886               # reduced value:     0.1672933110
sigma      =     2.226738213               # reduced value:     0.6362109180
epsilon    =     21.26336225               # reduced value:     0.2126336225
mass       =     16.00000000               # reduced value:     0.4000000000

x          =    0.4184513264E-22           # reduced value:     0.1195575218E-22
y          =   -0.4239759009E-01           # reduced value:    -0.1211359717E-01
z          =     1.024256377               # reduced value:     0.2926446792
sigma      =     1.414000000               # reduced value:     0.4040000000
epsilon    =     0.000000000               # reduced value:      0.000000000
mass       =     0.000000000               # reduced value:      0.000000000

SiteType   = Charge
NSites     = 3

x          =   -0.9338646776E-24           # reduced value:    -0.2668184793E-24
y          =    0.4417785273               # reduced value:     0.1262224364
z          =    0.4586521687E-01           # reduced value:     0.1310434768E-01
charge     =     0.000000000               # reduced value:      0.000000000
mass       =     0.000000000               # reduced value:      0.000000000
shielding  =    0.6922400000               # reduced value:     0.1977828571

x          =   -0.3000443226E-23           # reduced value:    -0.8572694931E-24
y          =   -0.2251300482               # reduced value:    -0.6432287092E-01
z          =    0.5855265886               # reduced value:     0.1672933110
charge     =     0.000000000               # reduced value:      0.000000000
mass       =     0.000000000               # reduced value:      0.000000000
shielding  =    0.6299100000               # reduced value:     0.1799742857

x          =    0.4184513264E-22           # reduced value:     0.1195575218E-22
y          =   -0.4239759009E-01           # reduced value:    -0.1211359717E-01
z          =     1.024256377               # reduced value:     0.2926446792
charge     =     0.000000000               # reduced value:      0.000000000
mass       =     1.000000000               # reduced value:     0.2500000000E-01
shielding  =     0.000000000               # reduced value:      0.000000000

NRotAxes   = 3
TotalMass  =     46.00000000               # reduced value:      1.150000000
InertMomX  =     74.62853173               # reduced value:     0.1523031260
InertMomY  =     58.72717501               # reduced value:     0.1198513776
InertMomZ  =     15.90135672               # reduced value:     0.3245174840E-01
