NSiteTypes = 2

SiteType   = LJ126
NSites     = 2

x          =     0.000000000               # reduced value:      0.000000000
y          =    0.6690738272E-02           # reduced value:     0.1911639506E-02
z          =    0.3830165388               # reduced value:     0.1094332968
sigma      =     2.654324036               # reduced value:     0.7583782960
epsilon    =     30.14793975               # reduced value:     0.3014793975
mass       =     15.03400000               # reduced value:     0.3758500000

x          =     0.000000000               # reduced value:      0.000000000
y          =   -0.3194666264E-01           # reduced value:    -0.9127617897E-02
z          =   -0.3282347609               # reduced value:    -0.9378136025E-01
sigma      =     2.142210000               # reduced value:     0.6120600000
epsilon    =     21.96977350               # reduced value:     0.2196977350
mass       =     16.00000000               # reduced value:     0.4000000000

SiteType   = Charge
NSites     = 3

x          =     0.000000000               # reduced value:      0.000000000
y          =    0.6690738272E-02           # reduced value:     0.1911639506E-02
z          =    0.3830165388               # reduced value:     0.1094332968
charge     =     0.000000000               # reduced value:      0.000000000
mass       =     0.000000000               # reduced value:      0.000000000
shielding  =    0.5000000000E-01           # reduced value:     0.1428571429E-01

x          =     0.000000000               # reduced value:      0.000000000
y          =   -0.3194666264E-01           # reduced value:    -0.9127617897E-02
z          =   -0.3282347609               # reduced value:    -0.9378136025E-01
charge     =     0.000000000               # reduced value:      0.000000000
mass       =     0.000000000               # reduced value:      0.000000000
shielding  =    0.5000000000E-01           # reduced value:     0.1428571429E-01

x          =     0.000000000               # reduced value:      0.000000000
y          =    0.4072996459               # reduced value:     0.1163713274
z          =   -0.5024945145               # reduced value:    -0.1435698613
charge     =     0.000000000               # reduced value:      0.000000000
mass       =     1.008000000               # reduced value:     0.2520000000E-01
shielding  =    0.2500000000E-01           # reduced value:     0.7142857143E-02

NRotAxes   = 3
TotalMass  =     32.04200000               # reduced value:     0.8010500000
InertMomX  =     17.47226061               # reduced value:     0.3565767471E-01
InertMomY  =     16.73537027               # reduced value:     0.3415381687E-01
InertMomZ  =    0.7368903414               # reduced value:     0.1503857840E-02
