NSiteTypes = 2

SiteType   = LJ126
NSites     = 2

x          =     0.000000000               # reduced value:      0.000000000
y          =    0.4456031689E-02           # reduced value:     0.1273151911E-02
z          =    0.2550890148               # reduced value:     0.7288257567E-01
sigma      =     2.166258796               # reduced value:     0.6189310846
epsilon    =     13.38568525               # reduced value:     0.1338568525
mass       =     15.03400000               # reduced value:     0.3758500000

x          =     0.000000000               # reduced value:      0.000000000
y          =   -0.2127647732E-01           # reduced value:    -0.6078993520E-02
z          =   -0.2186043507               # reduced value:    -0.6245838592E-01
sigma      =     1.748310000               # reduced value:     0.4995171429
epsilon    =     9.754579434               # reduced value:     0.9754579434E-01
mass       =     16.00000000               # reduced value:     0.4000000000

SiteType   = Charge
NSites     = 3

x          =     0.000000000               # reduced value:      0.000000000
y          =    0.4456031689E-02           # reduced value:     0.1273151911E-02
z          =    0.2550890148               # reduced value:     0.7288257567E-01
charge     =     0.000000000               # reduced value:      0.000000000
mass       =     0.000000000               # reduced value:      0.000000000
shielding  =    0.3330000000E-01           # reduced value:     0.9514285714E-02

x          =     0.000000000               # reduced value:      0.000000000
y          =   -0.2127647732E-01           # reduced value:    -0.6078993520E-02
z          =   -0.2186043507               # reduced value:    -0.6245838592E-01
charge     =     0.000000000               # reduced value:      0.000000000
mass       =     0.000000000               # reduced value:      0.000000000
shielding  =    0.3330000000E-01           # reduced value:     0.9514285714E-02

x          =     0.000000000               # reduced value:      0.000000000
y          =    0.2712615642               # reduced value:     0.7750330405E-01
z          =   -0.3346613467               # reduced value:    -0.9561752762E-01
charge     =     0.000000000               # reduced value:      0.000000000
mass       =     1.008000000               # reduced value:     0.2520000000E-01
shielding  =    0.1665000000E-01           # reduced value:     0.4757142857E-02

NRotAxes   = 3
TotalMass  =     32.04200000               # reduced value:     0.8010500000
InertMomX  =     17.47226061               # reduced value:     0.3565767471E-01
InertMomY  =     16.73537027               # reduced value:     0.3415381687E-01
InertMomZ  =    0.7368903414               # reduced value:     0.1503857840E-02
