NSiteTypes = 2

SiteType   = LJ126
NSites     = 2

x          =     0.000000000               # reduced value:      0.000000000
y          =    0.2234706583E-02           # reduced value:     0.6384875951E-03
z          =    0.1279275240               # reduced value:     0.3655072113E-01
sigma      =     1.535528332               # reduced value:     0.4387223806
epsilon    =     3.376569252               # reduced value:     0.3376569252E-01
mass       =     15.03400000               # reduced value:     0.3758500000

x          =     0.000000000               # reduced value:      0.000000000
y          =   -0.1067018532E-01           # reduced value:    -0.3048624378E-02
z          =   -0.1096304101               # reduced value:    -0.3132297432E-01
sigma      =     1.239270000               # reduced value:     0.3540771429
epsilon    =     2.460614632               # reduced value:     0.2460614632E-01
mass       =     16.00000000               # reduced value:     0.4000000000

SiteType   = Charge
NSites     = 3

x          =     0.000000000               # reduced value:      0.000000000
y          =    0.2234706583E-02           # reduced value:     0.6384875951E-03
z          =    0.1279275240               # reduced value:     0.3655072113E-01
charge     =     0.000000000               # reduced value:      0.000000000
mass       =     0.000000000               # reduced value:      0.000000000
shielding  =    0.1670000000E-01           # reduced value:     0.4771428571E-02

x          =     0.000000000               # reduced value:      0.000000000
y          =   -0.1067018532E-01           # reduced value:    -0.3048624378E-02
z          =   -0.1096304101               # reduced value:    -0.3132297432E-01
charge     =     0.000000000               # reduced value:      0.000000000
mass       =     0.000000000               # reduced value:      0.000000000
shielding  =    0.1670000000E-01           # reduced value:     0.4771428571E-02

x          =     0.000000000               # reduced value:      0.000000000
y          =    0.1360380817               # reduced value:     0.3886802335E-01
z          =   -0.1678331678               # reduced value:    -0.4795233367E-01
charge     =     0.000000000               # reduced value:      0.000000000
mass       =     1.008000000               # reduced value:     0.2520000000E-01
shielding  =    0.8350000000E-02           # reduced value:     0.2385714286E-02

NRotAxes   = 3
TotalMass  =     32.04200000               # reduced value:     0.8010500000
InertMomX  =     17.47226061               # reduced value:     0.3565767471E-01
InertMomY  =     16.73537027               # reduced value:     0.3415381687E-01
InertMomZ  =    0.7368903414               # reduced value:     0.1503857840E-02
