NSiteTypes =   2

SiteType   =   LJ126
NSites     =   3

x	   =   0.0
y	   =   0.0
z	   =   0.73569

sigma	   =   3.0929
epsilon	   =  62.1261
mass	   =  16.00

x          =   0.78000
y          =   0.0
z          =  -0.48431

sigma      =   3.5266
epsilon    =  84.7390
mass       =  14.00

x          =  -0.78000
y          =   0.0
z          =  -0.48431

sigma      =   3.5266
epsilon    =  84.7390
mass       =  14.00


SiteType   =   D
NSites     =   1

x          =   0.0
y          =   0.0
z          =   0.0
theta      =   0.0
phi        =   0.0
dipole     =   2.4590
mass       =   0.0
shielding  =   0.8

NRotAxes   =   auto

NFluct     = 9
1.00  0.950  0.900  0.900
0.90  0.900  0.800  0.800
0.80  0.800  0.600  0.600
0.65  0.700  0.500  0.500
0.50  0.650  0.350  0.350
0.35  0.500  0.200  0.200
0.20  0.350  0.100  0.100
0.05  0.200  0.050  0.050
0.00  0.000  0.000  0.000

