NSiteTypes =   2

SiteType   =   LJ126
NSites     =   2

x          =   0.0
y          =   0.0
z          =  -1.08885

sigma      =   3.5546
epsilon    = 236.76
mass       =   79.904

x          =   0.0
y          =   0.0
z          =   1.08885

sigma      =   3.5546
epsilon    = 236.76
mass       =  79.904

SiteType   =   Q
NSites     =   1

x          =   0.0
y          =   0.0
z          =   0.0
theta      =   0.0
phi        =   0.0
quadrupole =   4.8954
mass       =   0.0
shielding  =   0.71092

NRotAxes   =   auto
