NSiteTypes =   3

SiteType   =   LJ126
NSites     =   3

# CH3
x          =     0.000000
y          =     0.000000
z          =    -1.286759
sigma      =     3.8352
epsilon    =   163.0354
mass       =    15.035
# C
x          =     0.000000
y          =     0.000000
z          =     0.050691
sigma      =     2.81
epsilon    =    10.64
mass       =    12.011
# N
x          =     0.000000
y          =     0.000000
z          =     1.150691
sigma      =     3.3678
epsilon    =    52.9963
mass       =    14.007

SiteType   =   Dipole
NSites     =   1

x          =   0.0
y          =   0.0
z          =   0.0
theta      =   0.0
phi        =   0.0
dipole     =  -4.1186
mass       =   0.0
shielding  =   1.0

SiteType   =   Quadrupole
NSites     =   1

x          =   0.0
y          =   0.0
z          =   0.0
theta      =   0.0
phi        =   0.0
quadrupole =  -3.1373
mass       =   0.0
shielding  =   1.0

NRotAxes   =   auto

NFluct     =    5
1.000  1.000  0.800  0.750
1.000  0.800  0.600  0.500
0.900  0.600  0.400  0.250
0.600  0.400  0.200  0.000
0.000  0.200  0.000  0.000
