NSiteTypes =   2

SiteType   =   LJ126
NSites     =   2

x          =   0.0
y          =   0.0
z          =  -0.63475

sigma      =   3.7607
epsilon    =  76.950
mass       =  14.00

x          =   0.0
y          =   0.0
z          =   0.63475

sigma      =   3.7607
epsilon    =  76.950
mass       =  14.00

SiteType   =   Charge
NSites     =   3

x          =   0.0
y          =   0.0
z          =   0.0
charge     =   6.37558
mass       =   0.0
shielding  =   0.75214

x          =   0.0
y          =   0.0
z          =   0.37607
charge     =  -3.18779
mass       =   0.0
shielding  =   0.75214

x          =   0.0
y          =   0.0
z          =  -0.37607
charge     =  -3.18779
mass       =   0.0
shielding  =   0.75214

NRotAxes   =   auto
