NSiteTypes =   2

SiteType   =   LJ126
NSites     =   2

x          =   0.0
y          =   0.0
z          =  -1.79785

sigma      =   3.8560
epsilon    = 212.23
mass       =  82.683


x          =   0.0
y          =   0.0
z          =   1.79785

sigma      =   3.8560
epsilon    = 212.23
mass       =  82.683

SiteType   =   D
NSites     =   1

x          =   0.0
y          =   0.0
z          =   0.0
theta      =   0.0
phi        =   0.0
dipole     =   2.6786
mass       =   0.0
shielding  =   0.7712

NRotAxes   =   auto
