NSiteTypes =   2

SiteType   =   LJ126
NSites     =   2

x          =   0.0
y          =   0.0
z          =  -1.92345

sigma      =   4.1262
epsilon    = 259.97
mass       =  75.698


x          =   0.0
y          =   0.0
z          =   1.92345

sigma      =   4.1262
epsilon    = 259.97
mass       =  75.698

SiteType   =   D
NSites     =   1

x          =   0.0
y          =   0.0
z          =   0.0
theta      =   0.0
phi        =   0.0
dipole     =   4.3049
mass       =   0.0
shielding  =   0.82524

NRotAxes   =   auto
