NSiteTypes =   2

SiteType   =   LJ126
NSites     =   2

x          =   0.0
y          =   0.0
z          =  -1.35415

sigma      =   3.6367
epsilon    = 232.86
mass       =  70.970


x          =   0.0
y          =   0.0
z          =   1.35415

sigma      =   3.6367
epsilon    = 232.86
mass       =  70.970

SiteType   =   D
NSites     =   1

x          =   0.0
y          =   0.0
z          =   0.0
theta      =   0.0
phi        =   0.0
dipole     =   2.4983
mass       =   0.0
shielding  =   0.72734

NRotAxes   =   auto
