NSiteTypes = 1

SiteType   = LJ126
NSites     = 3

x          =   0
y          =   0
z          =   0
sigma      =   3.56655516
epsilon    =   87.14905608
mass       =   14.03

x          =   0.84315
y          =   1.46037863840169
z          =   0
sigma      =   3.56655516
epsilon    =   87.14905608
mass       =   14.03

x          =   1.6863
y          =   0
z          =   0
sigma      =   3.56655516
epsilon    =   87.14905608
mass       =   14.03

NRotAxes   =   auto

NFluct     =   8

1.000   1.000   1.000   0.666
1.000   1.000   1.000   0.333
0.833   0.913   0.694   0.000
0.667   0.823   0.458   0.000
0.500   0.707   0.250   0.000
0.333   0.577   0.111   0.000
0.167   0.409   0.028   0.000
0.000   0.000   0.000   0.000
