NSiteTypes = 2

SiteType   = LJ126
NSites     = 6

x          =    -0.998574
y          =    -0.298334
z          =    -1.552759
sigma      =     3.4965
epsilon    =    87.385
mass       =    14.0

x          =    -1.805197
y          =     0.311771
z          =     0.021002
sigma      =     3.4965
epsilon    =    87.385
mass       =    14.0

x          =    -0.886326
y          =    -0.298872
z          =     1.531758
sigma      =     3.4965
epsilon    =    87.385
mass       =    14.0

x          =     0.886326
y          =     0.298872
z          =     1.531758
sigma      =     3.4965
epsilon    =    87.385
mass       =    14.0

x          =     1.805197
y          =    -0.311771
z          =     0.021002
sigma      =     3.4965
epsilon    =    87.385
mass       =    14.0

x          =     0.998574
y          =     0.298334
z          =    -1.552759
sigma      =     3.4965
epsilon    =    87.385
mass       =    14.0

SiteType   = Quadrupole
NSites     = 1

x          =     0.0
y          =     0.0
z          =     0.0
theta      =    90.0
phi        =    90.0
quadrupole =     0.8179
mass       =     0.0
shielding  =     0.7

NRotAxes   =   auto
