NSiteTypes =   2

SiteType   =   LJ126
NSites     =   3

x	   =   0.0
y	   =   0.0
z	   =   0.73569

sigma	   =   3.0929
epsilon	   =  62.126
mass	   =  15,999

x          =   0.78000
y          =   0.0
z          =  -0.48431

sigma      =   3.5266
epsilon    =  84.739
mass       =  14.027

x          =  -0.78000
y          =   0.0
z          =  -0.48431

sigma      =   3.5266
epsilon    =  84.739 
mass       =  14.027


SiteType   =   D
NSites     =   1

x          =   0.0
y          =   0.0
z          =   0.0
theta      =   0.0
phi        =   0.0
dipole     =   2.459
mass       =   0.0
shielding  =   0.8

NRotAxes   =   auto
