NSiteTypes =   2

SiteType   =   LJ126
NSites     =   3

x	   =   0.0
y	   =   0.0
z	   =   0.73569

sigma	   =   2.9464
epsilon	   =  48.4823
mass	   =  16.00

x          =   0.78000
y          =   0.0
z          =  -0.48431

sigma      =   3.5673
epsilon    =  86.3938
mass       =  14.00

x          =  -0.78000
y          =   0.0
z          =  -0.48431

sigma      =   3.5673
epsilon    =  86.3938
mass       =  14.00


SiteType   =   D
NSites     =   1

x          =   0.0
y          =   0.0
z          =   0.0
theta      =   0.0
phi        =   0.0
dipole     =   2.5703
mass       =   0.0
shielding  =   0.8

NRotAxes   =   auto
