NSiteTypes =   2

SiteType   =   LJ126
NSites     =   3

x          =  -1.470767e+00 
y          =  -3.383511e-01 
z          =  -1.713211e-16

sigma      =   3.6072
epsilon    = 120.15
mass       =  15.035


x          =  +9.277261e-02
y          =  +8.832850e-01
z          =  +9.545133e-17

sigma      =   3.4612
epsilon    =  86.291
mass       =  14.027


x          =  +1.171546e+00
y          =  -4.509765e-01
z          =  +6.571264e-17

sigma      =   3.149559
epsilon    =  85.053449
mass       =  15,999

SiteType   =   CHARGE
NSites     =   3

x          =  +9.277261e-02   
y          =  +8.832850e-01 
z          =  +9.545133e-17 

charge     =  +0.2556 
mass       =   0.0
shielding  =   1.38448


x          =  +1.171546e+00 
y          =  -4.509765e-01 
z          =  +6.571264e-17 

charge     =  -0.697107 
mass       =   0.0
shielding  =   1.25982

x          =  +2.049156e+00
y          =  -8.587295e-02
z          =  +1.839679e-16

charge     =  +0.441507   
mass       =   1.008
shielding  =   0.0

NRotAxes   =   auto
