NSiteTypes =   2

SiteType   =   LJ126
NSites     =   1

# HBr
x          =  	 0.000000
y          =  	 0.000000
z          =  	 0.000000
sigma      =     3.7619
epsilon    =   243.7328
mass       =    79.904

SiteType   = Charge
NSites     = 2

x          =   0.0
y          =   0.0
z          =   1.428
charge     =   0.2199
mass       =   1.08
shielding  =   0.1

x          =   0.0 
y          =   0.0
z          =   0.0
charge     =  -0.2199
mass       =   0.0
shielding  =   0.1

NRotAxes   =   auto
