NSiteTypes =   2

SiteType   =   LJ126
NSites     =   2

x          =   0.0
y          =   0.0
z          =  -0.48495

sigma      =   3.1062
epsilon    =  43.183
mass       =  16.00

x          =   0.0
y          =   0.0
z          =   0.48495

sigma      =   3.1062
epsilon    =  43.183
mass       =  16.00

SiteType   =   Charge
NSites     =   3

x          =   0.0
y          =   0.0
z          =   0.0
charge     =   1.74372
mass       =   0.0
shielding  =   0.62124

x          =   0.0
y          =   0.0
z          =   0.31062
charge     =  -0.87186
mass       =   0.0
shielding  =   0.62124

x          =   0.0
y          =   0.0
z          =  -0.31062
charge     =  -0.87186
mass       =   0.0
shielding  =   0.62124

NRotAxes   =   auto
