NSiteTypes =   2

SiteType   =   LJ126
NSites     =   2

x          =   0.0
y          =   0.0
z          =  -1.73375

sigma      =   3.8404
epsilon    = 193.68
mass       =  50.248


x          =   0.0
y          =   0.0
z          =   1.73375

sigma      =   3.8404
epsilon    = 193.68
mass       =  50.248

SiteType   =   D
NSites     =   1

x          =   0.0
y          =   0.0
z          =   0.0
theta      =   0.0
phi        =   0.0
dipole     =   2.9610
mass       =   0.0
shielding  =   0.76808

NRotAxes   =   auto
