NSiteTypes =   2

SiteType   =   LJ126
NSites     =   2

x          =   0.0
y          =   0.0
z          =  -1.65625

sigma      =   3.5168
epsilon    = 182.01
mass       =  33.025


x          =   0.0
y          =   0.0
z          =   1.65625

sigma      =   3.5168
epsilon    = 182.01
mass       =  33.025

SiteType   =   D
NSites     =   1

x          =   0.0
y          =   0.0
z          =   0.0
theta      =   0.0
phi        =   0.0
dipole     =   2.7354
mass       =   0.0
shielding  =   0.70336

NRotAxes   =   auto
