NSiteTypes =   3

SiteType   =   LJ126
NSites     =   3
# S
x          =     0.000000
y          =     0.000000
z          =     0.281898
sigma      =     3.883
epsilon    =    41.231
mass       =    32.065
# CH3
x          =    -1.158266

y          =     0.000000
z          =    -0.386827
sigma      =     3.976
epsilon    =   120.15
mass       =    15.035
# CH3
x          =     1.158266
y          =     0.000000
z          =    -0.386827
sigma      =     3.976
epsilon    =   120.15
mass       =    15.035

SiteType   =   Dipole
NSites     =   1

x          =   0.0
y          =   0.0
z          =   0.0
theta      =  90.0
phi        =   0.0
dipole     =  -2.361
mass       =   0.0
shielding  =   1.0

SiteType   =   Quadrupole
NSites     =   2

x          =   0.0
y          =   0.0
z          =   0.0
theta      =  90.0
phi        =   0.0
quadrupole =   3.074
mass       =   0.0
shielding  =   1.0

x          =   0.0
y          =   0.0
z          =   0.0
theta      = 180.0
phi        =   0.0
quadrupole =   2.76
mass       =   0.0
shielding  =   1.0
NRotAxes   =   auto
