NSiteTypes =   2

SiteType   =   LJ126
NSites     =   2

x          =   0.0
y          =   0.0
z          =  -0.57025

sigma      =   3.3009
epsilon    =  36.897
mass       =  14.005

x          =   0.0
y          =   0.0
z          =   0.57025

sigma      =   3.3009
epsilon    =  36.897
mass       =  14.005

SiteType   =   Charge
NSites     =   2

x          =   0.0
y          =   0.0
z          =   0.16505
charge     =   1.20905
mass       =   0.0
shielding  =   0.66018

x          =   0.0
y          =   0.0
z          =  -0.16505
charge     =  -1.20905
mass       =   0.0
shielding  =   0.66018

NRotAxes   =   auto
