NSiteTypes =   2

SiteType   =   LJ126
NSites     =   1

# NH3-site (united-atom)
x          =   0.0
y          =  -0.075705
z          =   0.0
sigma      =   3.396
epsilon    = 176.7
mass       =  14.007

SiteType   =   CHARGE
NSites     =   4

# at NH3-Site
x          =   0.0
y          =  -0.075705
z          =   0.0
charge     =  -1.0257
mass       =   0.0
shielding  =   1.2

# at H1
x          =   0.0
y          =   0.316392
z          =   0.934689
charge     =   0.3419
mass       =   1.008
shielding  =   0.0

# at H2
x          =   0.809465
y          =   0.316392
z          =  -0.467345
charge     =   0.3419
mass       =   1.008
shielding  =   0.0

# at H3
x          =  -0.809465
y          =   0.316392
z          =  -0.467345
charge     =   0.3419
mass       =   1.008
shielding  =   0.0

NRotAxes   =   auto
