NSiteTypes = 2

SiteType   = LJ126
NSites     = 1
#O
x          = +0.0
y          = -6.576452e-02
z          = +0.0
sigma      =  3.1350
epsilon    = 95.646
mass       = 15.999


SiteType   = Charge
NSites     = 3

x          =   +0.0
y          =   +8.423548e-02
z          =   +0.0 
charge     =   -1.05496  
mass       =    0.0
shielding  =    0.3135
#H
x          =   +7.647001e-01
y          =   +5.261161e-01
z          =   +0.0
charge     =   +0.527481
mass       =    1.008
shielding  =    0.3135
#H
x          =   -7.647001e-01
y          =   +5.261161e-01
z          =   +0.0
charge     =   +0.527481
mass       =    1.008
shielding  =    0.3135



NRotAxes   = auto  

