NSiteTypes = 2

SiteType   = LJ126
NSites     = 4

x          =    0.1710727369E-23           # reduced value:     0.4887792481E-24
y          =   -0.2259281095               # reduced value:    -0.6455088842E-01
z          =   -0.9813610870               # reduced value:    -0.2803888820
sigma      =     2.968725600               # reduced value:     0.8482073143
epsilon    =     55.02870000               # reduced value:     0.5502870000
mass       =     15.00000000               # reduced value:     0.3750000000

x          =   -0.1245775480E-23           # reduced value:    -0.3559358514E-24
y          =    0.5893325555               # reduced value:     0.1683807301
z          =    0.6118419930E-01           # reduced value:     0.1748119980E-01
sigma      =     2.848567600               # reduced value:     0.8138764571
epsilon    =     39.52127800               # reduced value:     0.3952127800
mass       =     14.00000000               # reduced value:     0.3500000000

x          =   -0.4002591263E-23           # reduced value:    -0.1143597504E-23
y          =   -0.3003234843               # reduced value:    -0.8580670981E-01
z          =    0.7810924692               # reduced value:     0.2231692769
sigma      =     2.592087057               # reduced value:     0.7405963020
epsilon    =     38.95447964               # reduced value:     0.3895447964
mass       =     16.00000000               # reduced value:     0.4000000000

x          =    0.5582140694E-22           # reduced value:     0.1594897341E-22
y          =   -0.5655838518E-01           # reduced value:    -0.1615953862E-01
z          =     1.366358007               # reduced value:     0.3903880020
sigma      =     1.646000000               # reduced value:     0.4702857143
epsilon    =     0.000000000               # reduced value:      0.000000000
mass       =     0.000000000               # reduced value:      0.000000000

SiteType   = Charge
NSites     = 3

x          =   -0.1245775480E-23           # reduced value:    -0.3559358514E-24
y          =    0.5893325555               # reduced value:     0.1683807301
z          =    0.6118419930E-01           # reduced value:     0.1748119980E-01
charge     =     0.000000000               # reduced value:      0.000000000
mass       =     0.000000000               # reduced value:      0.000000000
shielding  =    0.9234481600               # reduced value:     0.2638423314

x          =   -0.4002591263E-23           # reduced value:    -0.1143597504E-23
y          =   -0.3003234843               # reduced value:    -0.8580670981E-01
z          =    0.7810924692               # reduced value:     0.2231692769
charge     =     0.000000000               # reduced value:      0.000000000
mass       =     0.000000000               # reduced value:      0.000000000
shielding  =    0.8402999400               # reduced value:     0.2400856971

x          =    0.5582140694E-22           # reduced value:     0.1594897341E-22
y          =   -0.5655838518E-01           # reduced value:    -0.1615953862E-01
z          =     1.366358007               # reduced value:     0.3903880020
charge     =     0.000000000               # reduced value:      0.000000000
mass       =     1.000000000               # reduced value:     0.2500000000E-01
shielding  =     0.000000000               # reduced value:      0.000000000

NRotAxes   = 3
TotalMass  =     46.00000000               # reduced value:      1.150000000
InertMomX  =     74.62853173               # reduced value:     0.1523031260
InertMomY  =     58.72717501               # reduced value:     0.1198513776
InertMomZ  =     15.90135672               # reduced value:     0.3245174840E-01
