NSiteTypes = 2

SiteType   = LJ126
NSites     = 4

x          =    0.4283230443E-24           # reduced value:     0.1223780127E-24
y          =   -0.5656670807E-01           # reduced value:    -0.1616191659E-01
z          =   -0.2457080982               # reduced value:    -0.7020231378E-01
sigma      =     1.475344800               # reduced value:     0.4215270857
epsilon    =     3.364200000               # reduced value:     0.3364200000E-01
mass       =     15.00000000               # reduced value:     0.3750000000

x          =   -0.3119108023E-24           # reduced value:    -0.8911737209E-25
y          =    0.1475540281               # reduced value:     0.4215829375E-01
z          =    0.1531898243E-01           # reduced value:     0.4376852124E-02
sigma      =     1.415630800               # reduced value:     0.4044659429
epsilon    =     2.416148000               # reduced value:     0.2416148000E-01
mass       =     14.00000000               # reduced value:     0.3500000000

x          =   -0.1002148037E-23           # reduced value:    -0.2863280107E-24
y          =   -0.7519343611E-01           # reduced value:    -0.2148383889E-01
z          =    0.1955658806               # reduced value:     0.5587596589E-01
sigma      =     1.288169631               # reduced value:     0.3680484660
epsilon    =     2.381496572               # reduced value:     0.2381496572E-01
mass       =     16.00000000               # reduced value:     0.4000000000

x          =    0.1397627430E-22           # reduced value:     0.3993221229E-23
y          =   -0.1416079509E-01           # reduced value:    -0.4045941454E-02
z          =    0.3421016300               # reduced value:     0.9774332285E-01
sigma      =    0.8180000000               # reduced value:     0.2337142857
epsilon    =     0.000000000               # reduced value:      0.000000000
mass       =     0.000000000               # reduced value:      0.000000000

SiteType   = Charge
NSites     = 3

x          =   -0.3119108023E-24           # reduced value:    -0.8911737209E-25
y          =    0.1475540281               # reduced value:     0.4215829375E-01
z          =    0.1531898243E-01           # reduced value:     0.4376852124E-02
charge     =     0.000000000               # reduced value:      0.000000000
mass       =     0.000000000               # reduced value:      0.000000000
shielding  =    0.2312081600               # reduced value:     0.6605947429E-01

x          =   -0.1002148037E-23           # reduced value:    -0.2863280107E-24
y          =   -0.7519343611E-01           # reduced value:    -0.2148383889E-01
z          =    0.1955658806               # reduced value:     0.5587596589E-01
charge     =     0.000000000               # reduced value:      0.000000000
mass       =     0.000000000               # reduced value:      0.000000000
shielding  =    0.2103899400               # reduced value:     0.6011141143E-01

x          =    0.1397627430E-22           # reduced value:     0.3993221229E-23
y          =   -0.1416079509E-01           # reduced value:    -0.4045941454E-02
z          =    0.3421016300               # reduced value:     0.9774332285E-01
charge     =     0.000000000               # reduced value:      0.000000000
mass       =     1.000000000               # reduced value:     0.2500000000E-01
shielding  =     0.000000000               # reduced value:      0.000000000

NRotAxes   = 3
TotalMass  =     46.00000000               # reduced value:      1.150000000
InertMomX  =     74.62853173               # reduced value:     0.1523031260
InertMomY  =     58.72717501               # reduced value:     0.1198513776
InertMomZ  =     15.90135672               # reduced value:     0.3245174840E-01
