NSiteTypes = 2

SiteType   = LJ126
NSites     = 2

x          =     0.000000000               # reduced value:      0.000000000
y          =    0.1114676996E-01           # reduced value:     0.3184791417E-02
z          =    0.6381055537               # reduced value:     0.1823158725
sigma      =     3.427719724               # reduced value:     0.9793484926
epsilon    =     83.69068075               # reduced value:     0.8369068075
mass       =     15.03400000               # reduced value:     0.3758500000

x          =     0.000000000               # reduced value:      0.000000000
y          =   -0.5322313996E-01           # reduced value:    -0.1520661142E-01
z          =   -0.5468391116               # reduced value:    -0.1562397462
sigma      =     2.766390000               # reduced value:     0.7903971429
epsilon    =     60.98809124               # reduced value:     0.6098809124
mass       =     16.00000000               # reduced value:     0.4000000000

SiteType   = Charge
NSites     = 3

x          =     0.000000000               # reduced value:      0.000000000
y          =    0.1114676996E-01           # reduced value:     0.3184791417E-02
z          =    0.6381055537               # reduced value:     0.1823158725
charge     =     0.000000000               # reduced value:      0.000000000
mass       =     0.000000000               # reduced value:      0.000000000
shielding  =    0.8330000000E-01           # reduced value:     0.2380000000E-01

x          =     0.000000000               # reduced value:      0.000000000
y          =   -0.5322313996E-01           # reduced value:    -0.1520661142E-01
z          =   -0.5468391116               # reduced value:    -0.1562397462
charge     =     0.000000000               # reduced value:      0.000000000
mass       =     0.000000000               # reduced value:      0.000000000
shielding  =    0.8330000000E-01           # reduced value:     0.2380000000E-01

x          =     0.000000000               # reduced value:      0.000000000
y          =    0.6785612101               # reduced value:     0.1938746315
z          =   -0.8371558612               # reduced value:    -0.2391873889
charge     =     0.000000000               # reduced value:      0.000000000
mass       =     1.008000000               # reduced value:     0.2520000000E-01
shielding  =    0.4165000000E-01           # reduced value:     0.1190000000E-01

NRotAxes   = 3
TotalMass  =     32.04200000               # reduced value:     0.8010500000
InertMomX  =     17.47226061               # reduced value:     0.3565767471E-01
InertMomY  =     16.73537027               # reduced value:     0.3415381687E-01
InertMomZ  =    0.7368903414               # reduced value:     0.1503857840E-02
