NSiteTypes = 2

SiteType   = LJ126
NSites     = 2

x          =     0.000000000               # reduced value:      0.000000000
y          =    0.1338147654E-01           # reduced value:     0.3823279012E-02
z          =    0.7660330776               # reduced value:     0.2188665936
sigma      =     3.754348000               # reduced value:      1.072670857
epsilon    =     120.5917590               # reduced value:      1.205917590
mass       =     15.03400000               # reduced value:     0.3758500000

x          =     0.000000000               # reduced value:      0.000000000
y          =   -0.6389332528E-01           # reduced value:    -0.1825523579E-01
z          =   -0.6564695217               # reduced value:    -0.1875627205
sigma      =     3.030000000               # reduced value:     0.8657142857
epsilon    =     87.87909400               # reduced value:     0.8787909400
mass       =     16.00000000               # reduced value:     0.4000000000

SiteType   = Charge
NSites     = 3

x          =     0.000000000               # reduced value:      0.000000000
y          =    0.1338147654E-01           # reduced value:     0.3823279012E-02
z          =    0.7660330776               # reduced value:     0.2188665936
charge     =    0.8240451300E-01           # reduced value:      1.800549673
mass       =     0.000000000               # reduced value:      0.000000000
shielding  =    0.1000000000               # reduced value:     0.2857142857E-01

x          =     0.000000000               # reduced value:      0.000000000
y          =   -0.6389332528E-01           # reduced value:    -0.1825523579E-01
z          =   -0.6564695217               # reduced value:    -0.1875627205
charge     =   -0.2260210860               # reduced value:     -4.938591075
mass       =     0.000000000               # reduced value:      0.000000000
shielding  =    0.1000000000               # reduced value:     0.2857142857E-01

x          =     0.000000000               # reduced value:      0.000000000
y          =    0.8145992918               # reduced value:     0.2327426548
z          =    -1.004989029               # reduced value:    -0.2871397226
charge     =    0.1436165730               # reduced value:      3.138041402
mass       =     1.008000000               # reduced value:     0.2520000000E-01
shielding  =    0.5000000000E-01           # reduced value:     0.1428571429E-01

NRotAxes   = 3
TotalMass  =     32.04200000               # reduced value:     0.8010500000
InertMomX  =     17.47226061               # reduced value:     0.3565767471E-01
InertMomY  =     16.73537027               # reduced value:     0.3415381687E-01
InertMomZ  =    0.7368903414               # reduced value:     0.1503857840E-02
