NSiteTypes = 2

SiteType   = LJ126
NSites     = 2

x          =     0.000000000               # reduced value:      0.000000000
y          =    0.8925444854E-02           # reduced value:     0.2550127101E-02
z          =    0.5109440628               # reduced value:     0.1459840179
sigma      =     3.089828404               # reduced value:     0.8828081154
epsilon    =     55.23102562               # reduced value:     0.5523102562
mass       =     15.03400000               # reduced value:     0.3758500000

x          =     0.000000000               # reduced value:      0.000000000
y          =   -0.4261684796E-01           # reduced value:    -0.1217624228E-01
z          =   -0.4378651710               # reduced value:    -0.1251043346
sigma      =     2.493690000               # reduced value:     0.7124828571
epsilon    =     40.24862505               # reduced value:     0.4024862505
mass       =     16.00000000               # reduced value:     0.4000000000

SiteType   = Charge
NSites     = 3

x          =     0.000000000               # reduced value:      0.000000000
y          =    0.8925444854E-02           # reduced value:     0.2550127101E-02
z          =    0.5109440628               # reduced value:     0.1459840179
charge     =     0.000000000               # reduced value:      0.000000000
mass       =     0.000000000               # reduced value:      0.000000000
shielding  =    0.6670000000E-01           # reduced value:     0.1905714286E-01

x          =     0.000000000               # reduced value:      0.000000000
y          =   -0.4261684796E-01           # reduced value:    -0.1217624228E-01
z          =   -0.4378651710               # reduced value:    -0.1251043346
charge     =     0.000000000               # reduced value:      0.000000000
mass       =     0.000000000               # reduced value:      0.000000000
shielding  =    0.6670000000E-01           # reduced value:     0.1905714286E-01

x          =     0.000000000               # reduced value:      0.000000000
y          =    0.5433377276               # reduced value:     0.1552393508
z          =   -0.6703276824               # reduced value:    -0.1915221950
charge     =     0.000000000               # reduced value:      0.000000000
mass       =     1.008000000               # reduced value:     0.2520000000E-01
shielding  =    0.3335000000E-01           # reduced value:     0.9528571429E-02

NRotAxes   = 3
TotalMass  =     32.04200000               # reduced value:     0.8010500000
InertMomX  =     17.47226061               # reduced value:     0.3565767471E-01
InertMomY  =     16.73537027               # reduced value:     0.3415381687E-01
InertMomZ  =    0.7368903414               # reduced value:     0.1503857840E-02
