NSiteTypes = 2

SiteType   = LJ126
NSites     = 1

# HCl 
x          =  	 0.000000 
y          =  	 0.000000
z          =  	 0.000000
sigma      =      3.52 
epsilon    =    179.
mass       =     36.461

SiteType   = Charge
NSites     = 2

x          =   0.0
y          =   0.0
z          =   1.28
charge     =   0.2731
mass       =   1.08
shielding  =   0.5

x          =   0.0 
y          =   0.0
z          =   0.0
charge     =  -0.2731
mass       =   0.0
shielding  =   0.5


NRotAxes   = auto
