NSiteTypes =   3

SiteType   =   LJ126
NSites     =   4

# C
x          =     0.000000
y          =     0.000000
z          =     0.419640
sigma      =     2.8100  
epsilon    =    10.6400 
mass       =    12.011

# O
x          =     0.000000
y          =     0.000000
z          =     1.614550
sigma      =     3.1892  
epsilon    =     132.9422
mass       =    15.999

# Cl
x          =    -1.448379
y          =     0.000000
z          =    -0.553057
sigma      =     3.3601  
epsilon    =   157.9616
mass       =    35.453

# Cl
x          =     1.448379
y          =     0.000000
z          =    -0.553057
sigma      =     3.3601  
epsilon    =   157.9616
mass       =    35.453

SiteType   =   Dipole
NSites     =   1

x          =   0.0
y          =   0.0
z          =   0.0
theta      =   0.0
phi        =   0.0
dipole     =   1.0001  
mass       =   0.0
shielding  =   1.0

SiteType   =   Quadrupole
NSites     =   1

x          =   0.0
y          =   0.0
z          =   0.0
theta      =   0.0
phi        =   0.0
quadrupole =  -3.6153 
mass       =   0.0
shielding  =   1.0

NRotAxes   =   auto

