NSiteTypes =   2

SiteType   =   TTExt
NSites     =   1

x          =   0.0
y          =   0.0
z          =   0.0
A          =   32007117.98
b          =   2.786344368

a1         =   -2.430565544
a2         =   -0.143553621
am1 	   =   -0.453227387
am2 	   =   0 
C6         =   899220.9265
C8         =   7316713.603
C10 	   =   78354885.11
C12 	   =   1104374759
C14  	   =   20486474981  
C16 	   =   500170847035

mass       =  83.798

shielding  =   0.5

SiteType   =   EATM
NSites     =   1

x          =   0.0
y          =   0.0
z          =   0.0

CATM		= 1615250
A0 			= -30813040
A2 			= -35194420
A4 			= 4928052
A6 			= -218241.1
A8 			= 3430.88
alpha 		= 1.378382

mass       =  0.0

shielding  =   0.5

NRotAxes   = auto


