NSiteTypes =   2

SiteType   =   LJ126
NSites     =   6

# CH
x          =     0.915882
y          =     1.586354
z          =     0.000000
sigma      =     3.2470
epsilon    =    88.9712
mass       =    13.0
# CH
x          =    -0.915882
y          =     1.586354
z          =     0.000000
sigma      =     3.2470
epsilon    =    88.9712
mass       =    13.0
# CH
x          =    -1.831764
y          =     0.000000
z          =     0.000000
sigma      =     3.2470
epsilon    =    88.9712
mass       =    13.0
# CH
x          =    -0.915882
y          =    -1.586354
z          =     0.000000
sigma      =     3.2470
epsilon    =    88.9712
mass       =    13.0
# CH
x          =     0.915882
y          =    -1.586354
z          =     0.000000
sigma      =     3.2470
epsilon    =    88.9712
mass       =    13.0
# CH
x          =     1.831764
y          =     0.000000
z          =     0.000000
sigma      =     3.2470
epsilon    =    88.9712
mass       =    13.0


SiteType   =   Quadrupole
NSites     =   1

x          =   0.0
y          =   0.0
z          =   0.0
theta      =   0.0
phi        =   0.0
quadrupole =  -6.0908
mass       =   0.0
shielding  =   1.0

NRotAxes   =   auto
