NSiteTypes =   1

SiteType   =   LJ126
NSites     =   5

x          =   0.0
y          =   0.0
z          =   1.885658
sigma      =   3.1961
epsilon    =  27.492
mass       =  19.0

x          =   1.539296
y          =  -0.8889185
z          =  -0.6285442
sigma      =   3.1961
epsilon    =  27.492
mass       =  19.0

x          =  -1.539296
y          =  -0.8889185
z          =  -0.6285442
sigma      =   3.1961
epsilon    =  27.492
mass       =  19.0

x          =   0.0
y          =   1.777837
z          =  -0.6285442
sigma      =   3.1961
epsilon    =   27.492
mass       =   19.0

x          =   0.0
y          =   0.0
z          =   0.0
sigma      =   3.1961
epsilon    =  27.492
mass       =  12.0

NRotAxes   =   auto
