NSiteTypes =   3

SiteType   =   LJ126
NSites     =   4

# CH
x          =    -1.251320
y          =     0.000000
z          =     0.206733
sigma      =     3.36
epsilon    =    51.0
mass       =    13.0
# CH
x          =     1.251320
y          =     0.000000
z          =     0.206733
sigma      =     3.36
epsilon    =    51.0
mass       =    13.0
# CH
x          =    -0.773358
y          =     0.000000
z          =    -1.264282
sigma      =     3.36
epsilon    =    51.0
mass       =    13.0
# CH
x          =     0.773358
y          =     0.000000
z          =    -1.264282
sigma      =     3.36
epsilon    =    51.0
mass       =    13.0

SiteType   =   Dipole
NSites     =   1

x          =   0.0
y          =   0.0
z          =   0.0
theta      =   0.0
phi        =   0.0
dipole     =  -1.6324
mass       =   0.0
shielding  =   1.0

SiteType   =   Quadrupole
NSites     =   1

x          =   0.0
y          =   0.0
z          =   0.0
theta      =  90.0
phi        =   0.0
quadrupole =   5.89172
mass       =   0.0
shielding  =   1.0

NRotAxes   =   auto
