NSiteTypes =   2

SiteType   =   LJ126
NSites     =   2

x          =   0.0
y          =   0.0
z          =   0.76816
sigma      =   3.4223
epsilon    =  77.563
mass       =  14.00

x          =   0.0
y          =   0.0
z          =  -0.67214
sigma      =   3.0103
epsilon    = 112.614
mass       =  16.00


SiteType   =   Charge
NSites     =   2

x          =   0.0
y          =   0.0
z          =   0.76816
charge     =   0.38548
mass       =   0.0
shielding  =   1.0

x          =   0.0
y          =   0.0
z          =  -0.67214
charge     =  -0.38548
mass       =   0.0
shielding  =   1.0

NRotAxes   =   auto

