NSiteTypes =   2

SiteType   =   LJ126
NSites     =   2

# Br
x          =  	 0.000000
y          =  	 0.000000
z          =  	-0.1294683918
sigma      =     3.7371


epsilon    =   244.97
mass       =    80.00

# H
x          =     0.000000
y          =     0.000000
z          =     1.2992056960
sigma      =     1.0
epsilon    =     0.0
mass       =     1.0

SiteType   =   Dipole
NSites     =   1

x          =   0.0
y          =   0.0
z          =   0.0
theta      =   0.0
phi        =   0.0
dipole     =   1.5617
mass       =   0.0
shielding  =   1.0

NRotAxes   =   auto
