NSiteTypes =   3

SiteType   =   LJ126
NSites     =   2

# CH
x          =   0.000000
y          =   0.000000
z          =   0.967056
sigma      =   3.4451
epsilon    = 102.4416  
mass       =  13.0
# N
x          =   0.000000
y          =   0.000000
z          =  -0.638008
sigma      =   3.2333
epsilon    =  39.6878
mass       =  14.0

SiteType   =   Dipole
NSites     =   1

x          =   0.0
y          =   0.0
z          =   0.0589
theta      =   0.0
phi        =   0.0
dipole     =   3.4084
mass       =   0.0
shielding  =   1.0

SiteType   =   Quadrupole
NSites     =   1

x          =   0.0
y          =   0.0
z          =   0.0589
theta      =   0.0
phi        =   0.0
quadrupole =   2.18
mass       =   0.0
shielding  =   1.0

NRotAxes   =   auto

NFluct     =    5
1.000  1.000  0.800  0.750
1.000  0.800  0.600  0.500
0.900  0.600  0.400  0.250
0.600  0.400  0.200  0.000
0.000  0.200  0.000  0.000
