NSiteTypes =   1

SiteType   =   LJ126
NSites     =   4

x          =  -1.34
y          =   0.0
z          =   0.0
sigma      =   3.85
epsilon    =  70.450323
mass       =  14.0268

x          =   0.0
y          =   0.0
z          =   0.0
sigma      =   3.75
epsilon    =  52.837742
mass       =  12.011

x          =   0.7042073
y          =   1.3244214
z          =   0.0
sigma      =   3.91
epsilon    =  80.514654
mass       =  15.0347

x          =   0.7042073
y          =  -1.3244214
z          =   0.0
sigma      =   3.91
epsilon    =  80.514654
mass       =  15.0347

NRotAxes   =   auto
