NSiteTypes =   2

SiteType   =   LJ126
NSites     =   2

x          =  -1.430
y          =   0.0
z          =   0.0
sigma      =   3.775
epsilon    = 104.16583
mass       =  15.0347

x          =   0.0
y          =   0.0
z          =   0.0
sigma      =   3.070
epsilon    =  84.546821
mass       =  15.9994

SiteType   =   Charge
NSites     =   3

x          =  -1.430
y          =   0.0
z          =   0.0
charge     =   0.265
mass       =   0.0

x          =   0.0
y          =   0.0
z          =   0.0
charge     =  -0.700
mass       =   0.0

x          =   0.299853
y          =   0.896166
z          =   0.0
charge     =   0.435
mass       =   1.0079

NRotAxes   =   auto
