NSiteTypes =   2

SiteType   =   LJ126
NSites     =   2

x          =   0.0
y          =   0.0
z          =  -0.5232

sigma      =   3.3211
epsilon    =  34.897
mass       =  14.00

x          =   0.0
y          =   0.0
z          =   0.5232

sigma      =   3.3211
epsilon    =  34.897
mass       =  14.00

SiteType   =   Charge
NSites     =   3

x          =   0.0
y          =   0.0
z          =   0.0
charge     =   2.71754
mass       =   0.0
shielding  =   0.66422

x          =   0.0
y          =   0.0
z          =   0.33211
charge     =  -1.35877
mass       =   0.0
shielding  =   0.66422

x          =   0.0
y          =   0.0
z          =  -0.33211
charge     =  -1.35877
mass       =   0.0
shielding  =   0.66422

NRotAxes   =   auto
