NSiteTypes =   3

SiteType   =   LJ126
NSites     =   4
# CH3
x          =    -1.513531
y          =     0.001148
z          =     0.0
sigma      =     3.607
epsilon    =   120.15
mass       =    15.0
# N
x          =     0.219940
y          =     0.013309
z          =     0.0
sigma      =     3.3211
epsilon    =    34.897
mass       =    14.0
# O
x          =     0.785805
y          =    -0.008950
z          =    -1.104520
sigma      =     3.1062
epsilon    =    43.183
mass       =    16.0
# O
x          =     0.785805
y          =    -0.008950
z          =     1.104520
sigma      =     3.1062
epsilon    =    43.183
mass       =    16.0

SiteType   =   Dipole
NSites     =   1

x          =   0.253506
y          =   0.0
z          =   0.0
theta      =  90.0
phi        = 180.0
dipole     =   4.250789
mass       =   0.0
shielding  =   1.0

SiteType   =   Quadrupole
NSites     =   1

x          =   0.253506
y          =   0.0
z          =   0.0
theta      =   0.0
phi        =   0.0
quadrupole =  -5.103152
mass       =   0.0
shielding  =   1.0

NRotAxes   =   auto
