NSiteTypes =   3

SiteType   =   LJ126
NSites     =   3

# S
x          =   0.000000
y          =   0.000000
z          =   0.375730
sigma      =   3.3121
epsilon    = 139.23
mass       =  32.00
# O
x          =   1.278953
y          =   0.000000
z          =  -0.365355
sigma      =   3.1062
epsilon    =  43.183
mass       =  16.00
# O
x          =  -1.278953
y          =   0.000000
z          =  -0.365355
sigma      =   3.1062
epsilon    =  43.183
mass       =  16.00

SiteType   =   Dipole
NSites     =   1

x          =   0.0
y          =   0.0
z          =   0.0
theta      =   0.0
phi        =   0.0
dipole     =   1.998
shielding  =   1.0

SiteType   =   Quadrupole

x          =   0.0
y          =   0.0
z          =   0.0
theta      =  90.0
phi        =   0.0
qudrupole  =  -5.334
shielding  =   1.0

NRotAxes   =   auto
