NSiteTypes = 2

SiteType   = LJ126
NSites     = 1

x          = +0.0
y          = -6.576452e-02
z          = +0.0
sigma      =  3.1350
epsilon    = 95.646
mass       = 16.00


SiteType   = Charge
NSites     = 3

x          =   +0.0
y          =   +8.423548e-02
z          =   +0.0 
charge     =   -1.05496  
mass       =    0.0
shielding  =    0.3135

x          =   +7.647001e-01
y          =   +5.261161e-01
z          =   +0.0
charge     =   +0.527481
mass       =    1.008
shielding  =    0.3135

x          =   -7.647001e-01
y          =   +5.261161e-01
z          =   +0.0
charge     =   +0.527481
mass       =    1.008
shielding  =    0.3135



NRotAxes   = auto  

NFluct     =   6
# Geometry - LJ-sigma - LJ-Eps - EStatics
0.75  1.000  1.000  0.750
0.50  0.900  0.900  0.500
0.30  0.800  0.800  0.250
0.20  0.600  0.600  0.000
0.10  0.300  0.300  0.000
0.00  0.000  0.000  0.000

