NSiteTypes =   2

SiteType   =   LJ126
NSites     =   1

x          =   0.0
y          =   0.0
z          =   0.0
sigma      =   3.150656
epsilon    =  76.576664
mass       =   0.0

SiteType   =   Charge
NSites     =   3

x          =   0.0
y          =   0.0
z          =   0.0
charge     =  -0.834
mass       =  15.9994
shielding  =   0.8

x          =  -0.9572
y          =   0.0
z          =   0.0
charge     =   0.417
mass       =   1.0079
shielding  =   0.0

x          =   0.239987
y          =   0.926627
z          =   0.0
charge     =   0.417
mass       =   1.0079
shielding  =   0.0

NRotAxes   =   auto
