NSiteTypes =   3

SiteType   =   LJ126
NSites     =   4

# C
x          =   0
y          =   0
z          =   0.420359382857143
sigma      =   2.81481714285714
epsilon    =   10.617656
mass       =    12.0

# O
x          =   0
y          =   0
z          =   1.6173178
sigma      =   3.1946672
epsilon    =   132.66302138
mass       =    16.00

# Cl
x          =  -1.45086193542857
y          =   0
z          =  -0.554005097714286
sigma      =   3.36586017142857
epsilon    =   157.62988064
mass       =    35.45

# Cl
x          =   1.45086193542857
y          =   0
z          =  -0.554005097714286
sigma      =   3.36586017142857
epsilon    =   157.62988064
mass       =    35.45

SiteType   =   Dipole
NSites     =   1

x          =   0
y          =   0
z          =   0
theta      =   0.0
phi        =   0.0
dipole     =   1.00161942781918
mass       =   0.0
shielding  =   1.0

SiteType   =   Quadrupole
NSites     =   1

x          =   0
y          =   0
z          =   0
theta      =   0.0
phi        =   0.0
quadrupole =  -3.62699971122482
mass       =   0.0
shielding  =   1.0

NRotAxes   =   auto

NFluct     =    7

1.000   1.000   1.000   0.694
0.833   0.913   0.694   0.000
0.667   0.816   0.444   0.000
0.500   0.707   0.250   0.000
0.333   0.577   0.111   0.000
0.167   0.408   0.028   0.000
0.000   0.000   0.000   0.000
