NSiteTypes =   2

SiteType   =   LJ126
NSites     =   2

x          =   0.0
y          =   0.0
z          =  -1.77605

sigma      =   3.7438
epsilon    = 181.71
mass       =  58.235


x          =   0.0
y          =   0.0
z          =   1.77605

sigma      =   3.7438
epsilon    = 181.71
mass       =  58.235

SiteType   =   D
NSites     =   1

x          =   0.0
y          =   0.0
z          =   0.0
theta      =   0.0
phi        =   0.0
dipole     =   2.8408
mass       =   0.0
shielding  =   0.74876

NRotAxes   =   auto
