NSiteTypes =  2

SiteType   =   LJ126
NSites     =   3

# CH3
x          =     0.000000
y          =     0.000000
z          =    -1.29
sigma      =     3.88
epsilon    =   184.31
mass       =    15.035
# C
x          =     0.000000
y          =     0.000000
z          =     0.050
sigma      =     2.81
epsilon    =    10.64
mass       =    12.011
# N
x          =     0.000000
y          =     0.000000
z          =     1.150
sigma      =     3.27
epsilon    =    43.19
mass       =    14.007

SiteType   =   Dipole
NSites     =   1

x          =   0.0
y          =   0.0
z          =   0.46
theta      =   0.0
phi        =   0.0
dipole     =  -4.04
mass       =   0.0
shielding  =   1.0



NRotAxes   =   auto


