NSiteTypes =   2

SiteType   =   LJ126
NSites     =   2

x          =   0.0
y          =   0.0
z          =  -1.66795

sigma      =   4.1699
epsilon    = 302.33
mass       =  93.931

x          =   0.0
y          =   0.0
z          =   1.66795

sigma      =   4.1699
epsilon    = 302.33
mass       =  93.931

SiteType   =   Q
NSites     =   1

x          =   0.0
y          =   0.0
z          =   0.0
theta      =   0.0
phi        =   0.0
quadrupole =  10.903
mass       =   0.0
shielding  =   0.83398

NRotAxes   =   auto
