NSiteTypes =   2

SiteType   =   LJ126
NSites     =   2

x          =   0.0
y          =   0.0
z          =  -1.83845

sigma      =   3.6769
epsilon    = 255.75
mass       =  54.483


x          =   0.0
y          =   0.0
z          =   1.83845

sigma      =   3.6769
epsilon    = 255.75
mass       =  54.483

SiteType   =   D
NSites     =   1

x          =   0.0
y          =   0.0
z          =   0.0
theta      =   0.0
phi        =   0.0
dipole     =   2.9425
mass       =   0.0
shielding  =   0.73538

NRotAxes   =   auto
