NSiteTypes =   3

SiteType   =   LJ126
NSites     =   5

# S
x          =     0.000000
y          =     0.000000
z          =     0.7359
sigma      =     4.292
epsilon    =     95.65
mass       =     32.064

# CH
x          =    -1.2513
y          =     0.000000
z          =     0.2067
sigma      =     3.59
epsilon    =    48.49
mass       =    13.019
# CH
x          =     1.2513
y          =     0.000000
z          =     0.2067
sigma      =     3.59
epsilon    =    48.49
mass       =    13.019
# CH
x          =    -0.7734
y          =     0.000000
z          =    -1.2643
sigma      =     3.59
epsilon    =    48.49
mass       =    13.019
# CH
x          =     0.7734
y          =     0.000000
z          =    -1.2643
sigma      =     3.59
epsilon    =    48.49
mass       =    13.019

SiteType   =   Dipole
NSites     =   1

x          =   0.0
y          =   0.0
z          =   0.0
theta      =   180.00
phi        =   0.0
dipole     =   1.8120
mass       =   0.0
shielding  =   1.0

SiteType   =   Quadrupole
NSites     =   1

x          =   0.0
y          =   0.0
z          =   0.0
theta      =  90.0
phi        =   0.0
quadrupole =   6.5389
mass       =   0.0
shielding  =   1.0

NRotAxes   =   auto
