NSiteTypes = 1

SiteType   = LJ126
NSites     = 4 

# CH
x          =   0
y          =   0
z          =   0
sigma      =   3.53663266666667
epsilon    =   89.05041
mass       =   14.027

# CH
x          =  -1.88114936521211
y          =   0
z          =   0
sigma      =   3.53663266666667
epsilon    =   89.05041
mass       =   14.027

# CH
x          =  -1.81251282750396
y          =   1.87989620576911
z          =   0
sigma      =   3.53663266666667
epsilon    =   89.05041
mass       =   14.027

# CH
x          =  -0.0686288761446934
y          =   1.74755070684581
z          =   0.69286633145835
sigma      =   3.53663266666667
epsilon    =   89.05041
mass       =   14.027

NRotAxes   =   auto

NFluct     =   8

1.000   1.000   1.000   0.666
1.000   1.000   1.000   0.333
0.833   0.913   0.694   0.000
0.667   0.823   0.458   0.000
0.500   0.707   0.250   0.000
0.333   0.577   0.111   0.000
0.167   0.409   0.028   0.000
0.000   0.000   0.000   0.000


