NSiteTypes = 1

SiteType   = LJ126
NSites     = 5 

# CH
x          =   0
y          =   0
z          =   0
sigma      =   3.23483333333333
epsilon    =   122.7480832
mass       =   14.027

# CH
x          =  -2.21923691404426
y          =   0
z          =   0
sigma      =   3.23483333333333
epsilon    =   122.7480832
mass       =   14.027

# CH
x          =  -2.69780930340047
y          =   2.16701984515761  
z          =   0
sigma      =   3.23483333333333
epsilon    =   122.7480832
mass       =   14.027

# CH
x          =  -1.22245642053454
y          =   3.04131880113976
z          =  -1.42525894997669
sigma      =   3.23483333333333
epsilon    =   122.7480832
mass       =   14.027

x          =   0.525437767216078
y          =  1.63737091518038
z          =  -1.425219916263
sigma      =  3.23483333333333 
epsilon    =  122.7480832 
mass       =   14.027

NRotAxes   =   auto

NFluct     =   8

1.000   1.000   1.000   0.666
1.000   1.000   1.000   0.333
0.833   0.913   0.694   0.000
0.667   0.823   0.458   0.000
0.500   0.707   0.250   0.000
0.333   0.577   0.111   0.000
0.167   0.409   0.028   0.000
0.000   0.000   0.000   0.000


