NSiteTypes = 1

SiteType   = LJ126
NSites     = 5 

# CH
x          =   0
y          =   0
z          =   0
sigma      =   3.505618017552
epsilon    =   88.40103093952
mass       =   14.027

# CH
x          =  -1.90445433579354
y          =   0
z          =   0
sigma      =   3.505618017552
epsilon    =   88.40103093952
mass       =   14.027

# CH
x          =  -2.31514467744266
y          =   1.8596436826734
z          =   0
sigma      =   3.505618017552
epsilon    =   88.40103093952
mass       =   14.027

# CH
x          =  -1.04800869543995
y          =   2.61055262047298
z          =  -1.2241118176952
sigma      =   3.505618017552
epsilon    =   88.40103093952
mass       =   14.027

# CH
x          =   0.454595773949685
y          =   1.40362694784543
z          =  -1.22407826175511
sigma      =   3.505618017552
epsilon    =   88.40103093952
mass       =   14.027

NRotAxes   =   auto

NFluct     =   8

1.000   1.000   1.000   0.666
1.000   1.000   1.000   0.333
0.833   0.913   0.694   0.000
0.667   0.823   0.458   0.000
0.500   0.707   0.250   0.000
0.333   0.577   0.111   0.000
0.167   0.409   0.028   0.000
0.000   0.000   0.000   0.000


