NSiteTypes =   3

SiteType   =   LJ126
NSites     =   3

# Cl
x          =   0.000000
y          =   0.000000
z          =  -1.5824
sigma      =   3.45
epsilon    =   240.00
mass       =   35.453
# C
x          =   0.000000
y          =   0.000000
z          =  -0.3989
sigma      =   2.86
epsilon    =   19.00
mass       =   12.011
# N
x          =   0.000000
y          =   0.000000
z          =   1.2322
sigma      =   3.37
epsilon    =   52.00
mass       =   14.007

SiteType   =   Dipole
NSites     =   1

x          =   0.0
y          =   0.0
z          =   0.0
theta      =   0.0
phi        =   0.0
dipole     =   2.69
shielding  =   1.0

SiteType   =   Quadrupole
NSites     =   1

x          =   0.0
y          =   0.0
z          =   0.0
theta      =   0.0
phi        =   0.0
qudrupole  =  -3.87
shielding  =   1.0

NRotAxes   =   auto
