NSiteTypes =   2

SiteType   =   LJ126
NSites     =   2

x          =   0.0
y          =   0.0
z          =  -1.28625

sigma      =   3.3409
epsilon    = 186.57
mass       =  25.244


x          =   0.0
y          =   0.0
z          =   1.28625

sigma      =   3.3409
epsilon    = 186.57
mass       =  25.244

SiteType   =   D
NSites     =   1

x          =   0.0
y          =   0.0
z          =   0.0
theta      =   0.0
phi        =   0.0
dipole     =   2.0217
mass       =   0.0
shielding  =   0.66818

NRotAxes   =   auto
