NSiteTypes =   2

SiteType   =   LJ126
NSites     =   2

x          =   0.0
y          =   0.0
z          =  -1.34045

sigma      =   3.6140
epsilon    = 257.68
mass       =  38.071

x          =   0.0
y          =   0.0
z          =   1.34045

sigma      =   3.6140
epsilon    = 257.68
mass       =  38.071

SiteType   =   Q
NSites     =   1

x          =   0.0
y          =   0.0
z          =   0.0
theta      =   0.0
phi        =   0.0
quadrupole =   3.8997
mass       =   0.0
shielding  =   0.7228

NRotAxes   =   auto
