NSiteTypes = 2

SiteType   = LJ126
NSites     = 1

# Cl 
x          =  	 0.000000 
y          =  	 0.000000
z          =  	 -0.0378
sigma      =      3.52 
epsilon    =    179.00
mass       =     36,461

SiteType   = Charge
NSites     = 2

# H
x          =   0.0
y          =   0.0
z          =   1.2422
charge     =   0.273
mass       =   1.08
shielding  =   0.5

x          =   0.0 
y          =   0.0
z          =   -0.0378
charge     =  -0.273
mass       =   0.0
shielding  =   0.5


NRotAxes   = auto
