NSiteTypes =   2

SiteType   =   LJ126
NSites     =   2

x          =   0.0
y          =   0.0
z          =  -0.48495

sigma      =   3.1062
epsilon    =  43.183
mass       =  15.99

x          =   0.0
y          =   0.0
z          =   0.48495

sigma      =   3.1062
epsilon    =  43.183
mass       =  15.99

SiteType   =   Q
NSites     =   1

x          =   0.0
y          =   0.0
z          =   0.0
theta      =   0.0
phi        =   0.0
quadrupole =  -0.8081
mass       =   0.0
shielding  =   0.62124

NRotAxes   =   auto
