NSiteTypes =   2

SiteType   =   LJ126
NSites     =   2

x          =   0.0
y          =   0.0
z          =  -1.72485

sigma      =   3.6501
epsilon    = 193.24
mass       =  49.240


x          =   0.0
y          =   0.0
z          =   1.72485

sigma      =   3.6501
epsilon    = 193.24
mass       =  49.240

SiteType   =   D
NSites     =   1

x          =   0.0
y          =   0.0
z          =   0.0
theta      =   0.0
phi        =   0.0
dipole     =   2.7449
mass       =   0.0
shielding  =   0.73002

NRotAxes   =   auto
