NSiteTypes =   2

SiteType   =   LJ126
NSites     =   2

x          =   0.0
y          =   0.0
z          =  -1.66885

sigma      =   4.0213
epsilon    = 224.15
mass       =  68.684

x          =   0.0
y          =   0.0
z          =   1.66885

sigma      =   4.0213
epsilon    = 224.15
mass       =  68.684

SiteType   =   D
NSites     =   1

x          =   0.0
y          =   0.0
z          =   0.0
theta      =   0.0
phi        =   0.0
dipole     =   2.7009
mass       =   0.0
shielding  =   0.80426

NRotAxes   =   auto
