NSiteTypes =   2

SiteType   =   LJ126
NSites     =   2

x          =   0.0
y          =   0.0
z          =  -1.67865

sigma      =   3.6817
epsilon    = 170.32
mass       =  74.455

x          =   0.0
y          =   0.0
z          =   1.67865

sigma      =   3.6817
epsilon    = 170.32
mass       =  74.455

SiteType   =   D
NSites     =   1

x          =   0.0
y          =   0.0
z          =   0.0
theta      =   0.0
phi        =   0.0
dipole     =   2.0478
mass       =   0.0
shielding  =   0.73634

NRotAxes   =   auto
