NSiteTypes =   3

SiteType   =   LJ126
NSites     =   3

# S
x          =   0.000000
y          =   0.000000
z          =   0.3757
sigma      =   3.312
epsilon    = 139.23
mass       =  32.065
# O
x          =   1.279
y          =   0.000000
z          =  -0.3653
sigma      =   3.106
epsilon    =  43.18
mass       =  15,999
# O
x          =  -1.279
y          =   0.000000
z          =  -0.3653
sigma      =   3.106
epsilon    =  43.18
mass       =  15,999

SiteType   =   Dipole
NSites     =   1

x          =   0.0
y          =   0.0
z          =   0.0
theta      =   0.0
phi        =   0.0
dipole     =   1.998
shielding  =   1.0

SiteType   =   Quadrupole

x          =   0.0
y          =   0.0
z          =   0.0
theta      =  90.0
phi        =   0.0
qudrupole  =  -5.334
shielding  =   1.0

NRotAxes   =   auto
