NSiteTypes = 2

SiteType   = LJ126
NSites     = 1

# O
x          = +0.0
y          = +0.0
z          = +0.0
sigma      =  3.166
epsilon    = 78.198
mass       = 15,999


SiteType   = Charge
NSites     = 3

x          =   +0.0
y          =   +0.0
z          =   +0.0 
charge     =   -0.8476  
mass       =    0.0
shielding  =    0.0

# H
x          =   +0.816490431
y          =   +0.577358967
z          =   +0.0
charge     =   +0.4238
mass       =    1.008
shielding  =    0.0

# H
x          =   -0.816490431
y          =   +0.577358967
z          =   +0.0
charge     =   +0.4238
mass       =    1.008
shielding  =    0.0

NRotAxes   = auto  
