NSiteTypes =   2

SiteType   =   LJ126
NSites     =   3

x          =   0.0
y          =   0.0
z          =   0.0

sigma      =   2.900109
epsilon    =   11.692625
mass       =  12.00

x          =   0.0
y          =   0.0
z          =  -1.212237

sigma      =   2.972625
epsilon    =   105.524481
mass       =  16.00

x          =   0.0
y          =   0.0
z          =   1.212237

sigma      =   2.972625
epsilon    =   105.524481
mass       =  16.00


SiteType   =   Q
NSites     =   1

x          =   0.0
y          =   0.0
z          =   0.0
theta      =   0.0
phi        =   0.0
quadrupole =   3.458568
mass       =   0.0
shielding  =   0.6

NRotAxes   =   auto

NFluct     =   8

1.000   1.000   1.000   0.666
1.000   1.000   1.000   0.333
0.833   0.913   0.694   0.000
0.667   0.823   0.458   0.000
0.500   0.707   0.250   0.000
0.333   0.577   0.111   0.000
0.167   0.409   0.028   0.000
0.000   0.000   0.000   0.000

