NSiteTypes = 2

SiteType   = LJ126
NSites     = 1

x          = +0.0
y          = +0.0
z          = +0.0
sigma      =  3.166
epsilon    = 78.197
mass       = 16.00


SiteType   = Charge
NSites     = 3

x          =   +0.0
y          =   +0.0
z          =   +0.0 
charge     =   -0.82  
mass       =    0.0
shielding  =    0.0

x          =   +0.816490431
y          =   +0.577358967
z          =   +0.0
charge     =   +0.41
mass       =    1.008
shielding  =    0.0

x          =   -0.816490431
y          =   +0.577358967
z          =   +0.0
charge     =   +0.41
mass       =    1.008
shielding  =    0.0

NRotAxes   = auto  
